633010
876373
 63054
345495
170420
139415
897000
595952
666140
204508
375925
551628
119060
494144
503402
876242
657604
571826
 26768
611865
240807
574168
336571
380000
993966
368154
665838
348722
281664
953443
302639
914674
346168
365693
260170
516588
 21460
157170
628893
687601
878031
521170
239229
513443
531666
258983
389685
189271
830810
932805
801136
 71617
506973
654059
967970
 17291
 22213
633808
366013
303877
587252
185004
734904
933420
550697
995074
966361
572158
668596
595254
776111
546627
116424
 15340
 60070
648090
790675
966107
353713
621485
415264
671202
209455
922237
325261
177425
455880
863827
811233
338246
167704
914837
523250
902608
848258
 73948
414034
814619
162458
598983
409873
938569
145610
 42649
470261
722033
207091
260936
688140
560805
398774
619757
748359
124581
541994
 73620
302006
514227
937447
629591
852473
621504
544429
375723
 40464
909039
966023
970851
723658
128481
569834
649883
583402
231796
208884
 53663
953829
415975
830952
158322
493132
229726
778079
757843
870659
836425
831464
172665
350652
285263
318608
203125
423119
379389
578849
979936
288428
 61224
950787
 12086
189706
520621
178321
773108
752417
387205
343124
222599
319533
174076
380921
329017
920154
675352
 86861
790813
511777
434677
479830
862430
236292
314790
581907
659412
694180
677108
639348
982608
738333
106487
511047
444391
143460
689368
733851
412229
592926
 76975
634828
428811
767403
532101
274180
687557
207453
361041
994722
719231
312070
990904
 98013
548363
305695
679920
724127
999875
357029
879827
982483
 95362
986314
  9882
539753
129774
699251
273604
542003
808529
866932
693184
753692
634335
225285
 27872
838245
949091
388914
832967
668322
217336
823872
282687
282051
129567
962607
  6178
645794
835988
886005
628277
447702
388671
638160
987455
 34797
853763
777412
 93153
178644
160696
786337
932336
795031
527974
960208
633276
477065
865474
982596
661739
 82811
322820
944426
364862
452387
423386
887393
 98181
259374
289750
242810
707077
678422
397322
210884
713219
767437
504648
806372
946081
665344
109061
394769
976728
637036
871330
126356
114101
736804
108952
292193
335967
431772
236619
217182
400511
176357
104575
 15044
435732
394325
774207
659161
589099
171529
386397
302319
455319
407398
625043
917752
589094
734105
312522
565822
887493
183852
692179
  1594
437008
317483
293787
772976
265608
 46759
506510
182471
223116
611085
197516
175200
521762
971723
350713
110862
659604
253463
929533
114923
660861
554576
 32676
249955
805033
861550
815778
692526
 45402
 24309
210473
998762
858144
 20612
288090
123752
583723
794600
306224
323192
922037
 20092
498392
443800
508167
365458
 71014
167771
135273
516899
799047
796134
 71475
348075
562441
392861
209625
894571
 85387
771379
918880
295860
286493
293377
832825
574584
417129
416548
369184
239705
739740
291222
259797
754485
251374
284316
636295
838740
968440
771568
355639
767487
567702
943466
631914
130143
336327
841539
541067
938067
129270
976299
750279
415763
269676
583104
990347
203158
999653
875884
442863
255745
683458
219013
 10230
934832
503329
646525
289924
471769
418093
645563
755608
502147
105381
387522
148643
958061
745413
689710
896128
391035
666009
162759
323151
935686
262216
313498
138844
778221
705734
 98059
 33966
389192
317072
 44197
840376
336754
207074
130300
808523
141520
292215
 80484
643667
397597
468006
308662
872010
729772
998372
284490
120807
180734
447249
443958
116420
709465
273809
771616
  4038
979543
386027
 38005
885088
703100
598554
725464
556206
805628
372117
881081
463500
664332
961565
107168
578281
945924
415830
450291
675696
930555
734781
312855
111289
698383
273166
744061
924200
546975
 32029
928239
 42870
418056
966244
444310
121156
 81150
169775
193714
403130
541892
 74796
866631
722576
 36361
490151
300858
982285
422333
267501
174333
352888
518635
487189
980529
217018
276707
724590
657570
340034
756619
585809
899256
174676
 68405
343567
812184
149555
 29694
  5899
 69038
571586
 80695
935669
810514
633408
942172
111372
615694
364505
895226
306379
233746
413861
309920
214275
147231
586627
938866
804801
926661
695485
906963
825918
386513
975368
685837
715050
641276
715531
720949
710314
803469
317996
162335
613983
951404
620859
241708
567098
985364
136934
389830
219110
 67147
699750
433386
214378
286378
888604
535531
729391
100441
442494
555309
486955
934215
241146
202005
575491
473029
439306
802157
276498
757302
480844
890482
708706
101703
648542
792157
 87067
785476
181987
822530
368975
881737
255916
583353
168115
660872
635236
413859
761313
 77731
969168
248268
 11946
726667
966625
103789
199696
405931
905946
992547
679585
386790
883029
388292
488493
531571
696801
 91912
833399
878788
430794
718726
760525
203062
302079
444993
863934
937315
375204
625248
531398
344372
389868
543344
587391
872846
163485
303440
278777
 69431
295987
474715
972573
695368
379359
977418
743291
 76160
 69331
576690
954948
500125
811768
231825
703188
113847
193170
 83474
567514
568374
708722
615265
429099
 98591
674961
532842
487789
838447
836282
766566
907878
132269
757633
396804
827637
136992
374222
 87280
213152
959905
663970
684452
976383
475738
916278
195923
105937
625800
279397
189804
710527
988120
321421
139626
603063
996382
672468
 90852
834829
508751
373770
259060
157372
131404
655864
501362
784748
 30086
588642
997901
989992
768965
682353
966375
761055
114983
162298
383345
740784
958047
 89501
451311
946167
410922
107289
 65582
407304
296109
672786
242134
804860
 46557
 17546
478585
694313
673410
979947
479061
219848
 84941
993314
209840
853906
192020
692567
131314
307003
371217
514659
564139
845617
604160
531802
791784
 15082
639091
373719
938738
935201
 46505
697224
256413
609414
714770
251350
820079
904532
747649
815493
124381
832591
325159
850573
202849
517179
 59493
334163
824183
947062
365174
388322
792679
485686
920125
100816
 17120
 75568
474535
955859
527121
 37392
169435
783535
163159
884206
551237
983238
788738
298887
315083
913119
647830
640243
280045
850679
157422
339538
701195
497957
286600
582721
886280
 79280
 68408
322757
180096
601880
914677
170983
557739
441799
208375
727175
741686
887886
127733
292923
387477
432823
591810
702560
862295
239640
859155
142340
606672
 16578
481878
824219
 30887
768478
406940
917167
364110
475348
756276
 60558
593581
670954
231541
151320
629105
956269
394847
370791
844155
 38932
180066
231632
471756
288229
450545
334051
527869
309700
476391
650893
842630
958269
475112
873518
243099
882053
307037
123562
873753
579666
184120
467334
766972
415662
135007
396077
888283
 46206
283220
732438
 85139
463286
480423
556895
751515
447320
890946
795737
273372
883689
962982
632355
841958
438095
 22225
601409
836500
329262
241323
226605
425280
425444
210292
192252
357458
861651
104681
245741
907857
387901
494531
509348
367540
491306
 66243
119055
938626
473541
431144
728351
357230
394127
360706
715540
348574
382931
833302
701426
228545
 74625
928031
653826
500069
654675
362430
373879
516326
467112
619620
940536
371365
630504
449884
738905
638162
516128
374313
 93141
506021
805457
821492
863252
715936
182198
 95144
580862
 81481
928446
282288
826378
  3072
210320
996556
503141
381347
358987
877021
897674
342451
 12993
354562
713816
159849
804446
969074
798012
836926
343387
891153
342948
665196
712645
722552
897485
411195
817696
478347
  9028
746143
760636
835406
749215
487308
831963
768708
868655
707302
162081
282681
 49753
691427
637243
279921
851276
958042
248995
165640
794968
108734
 56793
654268
290283
285790
893172
187768
213337
710869
182467
222365
973364
943103
574124
238931
946763
406087
523991
331771
629741
686073
614452
679494
893852
768048
475767
745128
726090
241115
910769
 37410
349849
483914
691679
156484
769705
584851
860604
499394
812072
 43072
721760
785436
502527
812236
540719
449291
218323
 64711
781062
364416
267136
911866
 43910
160988
196266
519677
422468
922356
277144
333237
476119
143346
817152
684150
299830
103209
269001
676787
602603
597426
719859
840715
899214
738738
652951
439934
188029
387626
 20997
485443
752042
288133
913662
312304
449121
109928
348334
871589
548637
625478
721179
 24756
768824
 54683
708906
585007
674244
494259
261794
276847
 91685
498005
633915
507252
236743
803218
947186
941125
707197
968183
426568
975591
772668
856582
804248
221789
966511
152582
609730
515148
294412
330909
539904
579589
385592
765162
164596
 59836
259421
942742
853036
867459
440747
  3303
374711
677490
322873
838249
134967
546422
322784
561536
522014
 95452
418118
326262
833593
900981
995196
443323
416129
289608
774233
472385
869197
676177
753899
550145
252366
529673
492887
621754
913484
933634
141409
288195
127477
464282
642796
262444
 10705
481932
340332
 49071
577384
274803
375333
410977
692136
886881
854300
624618
176489
144885
 97003
562039
337415
367255
112184
106133
896928
605072
244239
810412
 55058
385648
614959
182535
366282
774107
961332
893339
256039
818016
942410
349775
 92819
834095
760752
784956
720976
131404
409574
413818
792642
 22929
975857
646409
906536
 88041
752542
319816
209465
996781
646580
264524
898781
777891
963411
781415
551998
441095
674755
324389
259112
133517
674164
868283
483965
434916
169591
721293
 82673
 95517
651463
875315
118447
627320
521724
541335
231714
790618
861152
957531
303751
507732
222055
202532
285624
701819
500299
353974
659266
691406
678364
918378
341276
352528
786662
825241
303797
472605
 62886
902822
568123
714350
778137
202922
858022
816213
744257
606088
123183
605409
563620
426934
629494
302027
145818
915118
520198
646117
785444
179465
337524
463808
 97843
678800
332689
400857
 20393
152838
873463
599631
 55660
957938
313981
350149
160860
688356
166362
905117
294444
289545
 26879
374416
232831
656373
192796
378649
 87843
712994
541118
873287
892459
394994
853448
506655
590146
702489
423864
126891
855327
813679
726523
427339
771617
556856
777488
932477
245212
460202
353947
 56009
749747
380826
946777
498930
553551
139573
393931
641394
368920
451401
 31033
261379
846396
400833
284386
952894
103322
224603
 79786
475001
 38282
322661
902340
326252
879517
679828
258729
641082
140030
129028
213443
406129
 26206
160220
421411
579757
816146
815342
737503
185066
266744
284889
962797
629492
685722
247184
582386
305397
471787
662172
296750
 26421
501185
199091
352673
380703
395271
127755
 21785
 51654
256783
751580
457783
799342
911800
879195
379099
727946
210889
632955
913012
477633
917844
392162
107125
119918
639346
205864
941667
627485
384388
238418
653906
885574
953861
522932
266277
349132
650687
804414
917138
423822
555994
891274
223164
984146
286821
118616
228445
497710
751571
657809
491696
669415
 49971
115173
305685
689317
321037
247353
833154
705426
  2123
  3413
591000
955984
526345
373629
821468
177032
178043
738607
117206
250389
629881
340371
234535
916702
458987
979332
930764
210558
637142
422460
396325
687113
537634
218362
892783
858671
465715
242289
 80449
467838
245702
671449
940174
772047
 45078
761643
465431
739473
 16602
582638
506214
162835
439361
257102
595889
414700
236434
526653
141610
873576
465466
537935
 77042
  3100
756297
486177
378123
738365
728466
458573
722555
974169
646374
662730
746216
207805
940725
728000
947278
473679
826990
453493
636514
266351
710595
748755
681051
947029
275408
822661
336958
257226
876948
930352
776678
149597
416529
154802
887962
144995
129727
126870
119164
292453
789600
381733
500258
246677
626085
447537
720356
453075
417382
873222
235778
644329
621977
916829
107710
413737
255842
444668
670964
649142
375020
963994
798739
307901
118796
203054
452897
764875
846276
 88413
 57329
152228
986498
 73939
398905
612583
 37828
635613
 65658
455210
 25187
301436
615891
647164
734617
723602
577253
506811
684622
764569
155953
575995
728564
471045
883896
363712
190451
336793
644940
 36727
941559
218621
188955
928057
292560
104212
540641
330389
739825
122651
301951
281364
940440
917843
444880
191409
641445
 22133
214573
842419
786703
370526
418414
 31619
357923
302311
395331
 64726
155456
 40271
101453
 97015
258892
806760
541425
 67805
910972
598418
914546
167149
237421
216497
448513
177861
134340
893393
885623
292137
915527
100196
650909
218582
987074
 69323
250201
344998
887986
161884
409724
 43443
718508
 27530
656810
493752
834290
198235
561557
745263
313005
476103
912412
550427
208953
360926
728288
859645
770671
130263
668135
686198
230459
319044
421132
217534
388367
187685
 78884
276354
865922
  4960
836149
584430
 32490
492959
594534
383133
207547
156092
644748
520552
148547
557160
587331
873852
434438
831972
733498
721462
962235
401633
407660
709047
720677
345145
926581
625396
532830
521817
901750
398752
 43129
254251
499534
591972
747211
 94069
975105
471110
766513
619853
508014
431412
693365
 95346
305265
644156
927318
 38763
365618
405905
956748
289630
114952
677425
634775
557885
819173
683958
596054
237276
 82710
639184
491527
 98597
231156
755090
192666
206261
226200
475531
342466
250567
906943
552183
862265
212208
196339
305935
250971
 78309
711840
724071
367940
826793
917848
519067
901030
737022
203025
497085
974298
802088
136269
465825
900685
883777
220916
609703
606390
963468
 85234
948856
214035
992177
 17391
 76300
204386
213731
898587
971709
808392
610428
695781
176332
953573
613629
695400
854603
867003
414777
868040
841301
216865
  4309
307127
117550
404438
528043
727253
 10828
  7863
812487
476036
221899
321017
493428
814551
525403
223511
713139
 13464
 31903
839919
225597
724588
793492
355579
936340
164447
222582
351117
 32488
 63884
567983
553149
371011
201885
957588
415406
445491
484768
423269
774330
960805
161520
 95347
970585
492424
137102
710448
721915
150567
742351
561834
892516
983291
355326
248095
919631
 36125
470678
270749
 68613
534562
355084
138115
421925
556969
 95703
353683
518812
 96823
776952
293143
573980
454825
388490
544565
463601
 41945
255013
185516
192512
513717
747350
 85028
497008
619028
849476
416640
655153
320154
203741
723767
854716
558825
861882
276641
632146
473937
630324
150959
570760
923628
444102
144741
894805
348944
205658
358406
390889
460672
543922
 99753
490741
807624
701134
987749
426652
550610
920741
 81806
870764
124482
321925
241832
199659
700159
 34825
831806
174096
665149
499117
261208
105129
459571
922301
516287
808515
127960
391045
715757
104984
451320
331862
595725
258944
 32996
 99826
201949
583606
 20568
283755
970722
661402
122032
212554
861062
822191
247379
209220
512639
428880
224689
773847
 50362
684260
696149
 83001
  9127
340461
474046
241236
445445
925366
573099
557522
700663
606095
657348
902612
706054
194268
702719
193128
855671
824751
922035
233085
646942
169414
958657
675933
114647
183346
449780
681361
383958
662281
764362
393085
519094
754760
634322
964539
196479
723773
 38413
897142
329868
212114
799754
552274
406382
502473
261755
778405
843576
183790
 11490
490518
869556
486499
166451
984203
669845
132583
181916
570155
311217
462630
963241
830311
217391
113915
311203
413870
354040
349616
311012
200260
561730
627118
752535
484465
645943
 14290
262870
489519
714432
790713
980037
583988
277212
662840
 84544
463410
311775
266460
 33565
622992
729091
513158
453304
462834
143425
280859
876704
497465
630475
704068
697726
708558
331186
966613
193023
493481
497255
455893
983000
211687
246606
479389
795675
 40171
142229
880219
503581
970356
663032
537146
593349
908475
 50305
563005
371309
193730
843864
764365
207548
990691
468433
905274
699249
315971
871887
408624
809452
369142
864518
792452
580829
627476
788193
892856
667647
446774
773076
687580
417130
952460
224727
 10479
860935
791384
 89836
232244
501466
933700
996609
709014
924392
981394
614288
139993
297365
  2527
548618
623169
888021
929488
931973
468850
 73316
720166
878059
257316
166940
651135
944896
584070
603595
169623
110902
980882
477359
717090
213126
978826
650791
726087
687840
 91535
707481
818481
747880
521198
821008
296498
144367
709030
742338
 76340
694232
815655
312858
572291
 72971
996150
739778
 17867
 96572
859725
703843
207474
840607
181202
440917
 53733
160028
 91708
296172
364221
699595
  3653
699054
963827
524851
520062
260326
669218
745444
519016
261910
956029
334671
 91120
 44672
407642
 87270
784451
941862
183843
160528
645705
907669
  1136
826907
348586
571221
503288
956646
867394
383861
172593
387399
 82915
136421
912251
119329
913099
 97821
381126
432115
359732
853507
283139
967204
898179
690781
 54475
198982
632643
754670
359511
794700
178691
876999
137960
 43630
964572
641248
516628
348318
541461
205574
735718
140728
858347
647969
260057
771446
745790
157535
719913
621874
 11042
519404
105431
425574
210186
676258
624556
359181
430928
500419
153882
125971
893770
291842
169601
858343
449442
202582
206661
507255
408156
458731
647983
266503
623052
424392
554301
368843
 98280
790566
507069
625674
309971
612500
 51248
 36509
288758
675805
912042
236038
692576
582276
878362
586347
390470
564315
961042
356264
766897
684055
863519
691405
142787
 27854
474260
765839
452247
 28561
651034
 66879
335480
674456
692553
161803
803308
743802
198312
 92067
935959
626706
844457
628535
208983
722819
731234
599453
287135
692276
955718
570384
376332
335589
261790
 35471
363444
736050
801310
332043
280964
968697
398922
616444
643153
 91475
294599
446461
351629
  9263
 54880
287588
635969
415690
432476
844952
138509
163710
960758
941996
372339
432828
 28733
265023
768417
290523
300494
648213
542925
618156
980256
823889
586853
895530
956685
230006
987006
767636
192820
854987
776899
247700
142576
412869
663390
 91404
774173
318252
255114
251283
776600
143805
684111
805333
408828
968881
 95856
709322
617094
155134
327479
113703
495375
914332
  9233
968413
660691
512591
736049
369863
367579
512949
617563
 26507
442170
797306
117911
216343
631910
373025
983979
408510
516831
184442
213844
925659
153323
826052
151334
286770
981186
478813
400473
992914
909497
409706
961327
 86540
438650
697376
456403
806229
726677
590319
832736
168847
387625
950647
901543
535887
840024
885522
944397
873207
 69964
158241
315219
739640
500646
466553
 26410
481832
461718
426883
474746
887567
352941
952425
974108
307943
649802
946863
114172
376479
537182
463260
 61679
441159
930259
963222
977046
770284
365096
921444
159843
951412
596037
475062
691052
 96683
457967
233814
 94868
919685
660697
 85966
323605
529991
 38392
297713
837934
204546
244576
468459
 97377
298111
448071
159056
739270
378331
638630
716317
148615
520078
637761
308458
471491
750150
299873
678895
846834
757840
912710
458054
193878
 89759
544020
517483
136102
 98764
331548
490389
303310
576124
958848
917040
874235
406919
592448
129858
301602
231079
846175
450217
267509
   288
275028
739000
750438
 91253
934248
597272
849093
846958
 55326
 42971
936717
115699
 76806
 72820
214463
408354
563209
 34126
500831
 38409
951166
375066
961680
543614
 21276
263283
291045
867451
229852
558555
867739
 21232
813907
618178
112485
748155
731802
961579
595113
303481
520902
 48183
935532
597709
637355
149995
  6063
200564
184121
506894
755325
651639
398313
717005
195254
419589
496640
  2651
803393
242845
561206
187484
264077
891466
805662
892915
639621
 53817
370846
751087
873650
891748
799270
809182
  5809
952977
959177
528225
153541
659651
551471
425218
827642
949784
658575
539248
885726
155216
541900
205471
398061
619458
392955
178490
510924
714970
 71405
150546
768787
442251
417985
642437
850352
733607
451619
372513
686584
927148
900738
356477
103151
452210
781695
930794
918346
440270
470042
320424
111838
528294
525895
 26251
147753
918851
204742
658677
633821
792499
325575
918960
751103
743560
 77749
117807
993519
 45720
490320
680103
972868
391059
552932
592372
843269
334627
 39518
277967
291250
509560
598392
403088
 37855
124287
945692
701960
559490
666786
360637
709663
459285
686213
628623
726740
946125
222724
844547
939645
268444
334868
136100
757665
242279
689033
350037
601900
540012
905907
879867
347614
415467
478259
267055
969674
118899
212747
671634
194741
879533
548624
904405
855170
751189
 49380
581911
213666
788457
942810
669663
 56901
277678
805764
330918
519957
 11149
197307
121857
 67513
103214
  1725
415128
 35034
996336
198535
  4708
631587
411282
192695
342681
807167
257671
763438
662337
  8860
812818
760600
222526
117627
703411
892190
174529
497441
214306
505447
533751
741807
219107
655608
809320
322321
173685
740800
357355
686374
939335
878416
834313
866969
 71111
176994
674136
845134
940432
852826
853994
269603
129778
592872
387230
349541
  1414
 78111
846983
215720
 99911
380734
473879
319018
552694
799552
641339
726380
540352
998695
929106
996040
877111
763419
863009
464574
456766
 53498
309708
397198
422676
680054
666801
552454
789278
570384
901996
790693
648495
265331
522765
748406
162417
996645
583776
715111
796197
225116
957843
852901
740163
403301
365293
617274
166721
744655
598200
623487
798153
424260
537037
220829
104314
720191
289635
893592
290575
707983
200637
455422
973314
723403
203829
135731
236400
787605
367195
548949
529073
841390
401850
269236
244692
283496
402862
927765
 28151
  1062
551252
342656
941674
604641
 79837
 45988
324832
369472
455933
615407
 77456
656570
 70830
567122
896325
791011
219206
132725
 94968
102753
681674
140394
944143
599877
409630
188835
399725
812493
116600
427876
329907
184204
770532
271582
788846
366721
833922
630030
736193
806207
245438
330001
462778
832620
413476
875455
139983
632682
  8181
751303
735435
206207
891697
195930
322436
301328
384766
722161
630173
 17718
150037
476432
718275
436921
264366
 23473
803642
 98289
653503
 56188
420848
415293
902541
399978
247913
316017
275434
904248
948699
799967
655552
200486
  6174
547249
396417
844963
848577
297535
567124
995102
831605
233514
471535
549880
186787
735901
573353
506782
350542
743209
562970
771391
158502
981863
171369
406416
297881
446803
310664
762932
763122
482568
963419
769297
 29818
876188
614260
878395
173723
697736
389850
521680
931250
861385
 71561
118038
113638
161266
141172
980533
904475
220494
751924
 62978
202357
439645
985746
500238
402801
812762
779523
165923
295331
259294
451572
325149
135482
582184
719896
825557
279921
109746
347237
727523
487483
935150
361913
601122
 96417
503085
581655
   892
723579
849931
580222
442289
805928
565968
942527
208729
378731
238402
891005
190414
497696
342577
515563
633178
441114
235459
975087
721035
861558
838677
964910
349041
773827
326824
950163
870244
346261
 48170
387489
586193
414453
484063
 28482
220382
 50032
487361
945463
945115
725764
836468
135529
223460
695398
167444
372991
136512
402903
348078
373899
780813
186755
338809
129855
960583
181985
 80018
347179
528247
644541
251020
114440
 58994
735084
142922
279376
301468
630283
224840
246583
872399
577660
898464
 95860
273058
 65908
468851
409570
985163
333281
299821
765977
520037
638631
895832
996972
336968
492202
860503
865215
653095
111524
496007
712090
362960
155281
507818
664428
301917
249010
911011
174316
826671
325827
786528
616081
908087
255379
 25652
893250
588661
325473
175579
625050
480456
587763
138374
817425
596318
998877
198992
249413
626753
211352
477855
989713
882985
985674
654141
184902
751036
 81504
875571
577707
407331
662099
193789
831770
433831
735793
725021
538844
577618
416952
163894
574427
521068
302268
391852
117386
817497
107196
883151
444251
318548
361007
433964
201534
863033
604458
902788
614069
685962
294711
708129
609646
473163
418270
441416
906994
670415
682789
445838
248033
616094
126084
822460
137162
944704
730664
254548
762201
837861
137699
722804
672761
 15058
673121
390647
878091
277579
809788
  8513
479893
104499
716642
 89539
577662
134912
 47308
484656
805327
730097
446846
569712
346191
572930
908525
999705
 33986
639189
770605
796188
993402
424657
 35344
666164
439715
708465
573163
317807
986044
382951
326320
465938
  3803
559314
 71829
581465
210578
119137
582474
532257
365587
545672
101969
228130
634955
 10494
227836
668941
166036
998441
981481
159438
423098
 16826
341954
862814
725291
915118
696973
227688
814421
539645
209978
818224
615311
281807
916042
825889
917297
498516
358146
282884
 44188
976467
511014
679143
503314
255202
864437
669350
253644
845918
345140
193094
862744
203447
572260
104388
634917
269233
332076
449338
325230
542054
783915
940541
823861
699957
282782
741158
198473
640928
540394
759013
133748
567761
954509
637062
822963
818946
822764
 76607
664864
684256
786054
 43961
887703
358314
148349
 38972
143900
480425
488311
469130
 22479
788578
926024
362692
488535
208806
620203
203360
366087
160597
962373
499835
244710
433234
136897
 67674
252180
476013
660633
917045
160269
446687
961006
564325
805002
625707
603297
948902
106132
607960
934384
644963
396538
860408
524007
401425
585567
660562
604785
951654
337512
 83511
451489
582222
516745
104738
649896
768926
580751
310530
202323
257372
757217
679681
821697
 78571
305388
941347
543825
927872
 65659
478210
 89187
978550
854970
613194
379975
440537
273757
501113
392191
611269
584624
360032
193491
617721
464770
843388
902999
 45521
670270
621674
302894
427487
301355
640943
 22411
123095
582290
566236
567319
647950
 44446
656506
626500
899417
269701
522827
856306
 59810
 23940
764850
671079
124916
124882
380922
742638
589653
740662
645637
635174
410932
267312
454420
354772
 85019
 95364
377183
208115
194006
943419
775434
358308
504218
948293
501160
919987
217994
 23988
776293
277804
564280
541143
465235
689197
666026
846157
431835
772031
586820
593824
923557
997752
377488
377978
352524
462508
989694
246059
186975
700052
189479
478761
 58361
210049
427054
559521
130036
161400
 99861
422681
439204
664142
480177
904439
353339
662555
266949
301526
434586
853769
895350
358143
367873
272839
736121
236750
251699
242167
482809
438674
942220
188640
433787
   581
398689
860842
 76454
528725
 22242
692668
467759
977799
356810
947936
398590
226501
610491
665539
528027
 45077
 35660
939729
919572
403534
728920
172046
640284
980619
414213
639445
935645
356433
828086
369433
873366
743127
746627
466173
271853
768869
158841
255964
263020
 32003
203900
661611
258504
814391
327150
302883
375820
879163
242612
295392
282697
487885
467438
439333
984856
398004
 78778
920502
270789
423216
806287
660508
166344
 69266
126681
954549
838135
801874
210513
617508
833877
930765
279119
608733
745156
122621
911616
637328
  1784
670580
449072
284481
158465
432863
240166
659674
830867
835297
580176
101656
258513
902815
278516
941209
972081
921549
895758
326568
723423
622623
944076
 73652
553388
739547
682385
814896
862169
110353
452224
863953
297286
417649
664787
455751
850512
904953
115425
681379
256602
211953
299387
515116
631120
577904
972677
119553
499453
868436
446122
739229
  7411
906550
812881
560800
646098
 11619
892048
 24619
638324
344273
888572
935610
761922
 69711
907714
128786
974665
539491
810165
231267
267797
625904
262735
898917
720160
235413
 18471
735966
620201
980945
475195
627612
403847
804428
704764
566297
816047
596813
590916
970724
457438
995841
906334
735712
 65552
814048
864498
556569
353540
191015
304189
137689
333271
 83276
 36606
 53432
835041
571429
789398
971594
 68726
264593
115559
472574
585373
820323
555223
917773
933488
146140
888497
907278
658333
311183
642990
240237
125232
 23840
796807
995124
731207
617348
649165
 64479
216976
685771
634263
 52018
773553
423661
 23612
842279
204606
139171
831205
789979
475847
386429
224104
409335
 48921
112601
316614
707254
423785
475956
947491
 65369
499797
260650
576845
231004
394350
226010
811835
611327
428133
446098
663345
201686
869759
686957
560318
590717
342481
391523
897049
818328
777952
121153
744015
343225
233755
 60629
 50479
173892
536586
514323
755613
552735
291325
332458
300091
685676
 74820
111927
297003
 19305
558025
960348
220992
944137
163657
781310
 51206
 22490
172833
948255
840818
467138
 69409
584834
810363
819516
161815
377195
509760
214753
407870
265373
767488
699195
114183
583932
384871
705355
695859
681874
724660
770236
158574
945652
714373
838584
243314
765580
377426
932500
230187
218245
915990
299596
319431
726353
635464
997598
619900
145224
212352
 27770
926949
496192
726966
 41132
 80124
111837
262839
292335
310064
987500
 62572
984990
449504
293297
339926
692819
 58877
717353
625319
289065
451950
541309
105013
287733
784014
256830
285331
403915
402054
 14035
948037
845356
 26580
675003
402840
623056
303193
665680
915392
129609
653180
977964
630951
102684
271261
487230
795503
846491
720935
937174
651908
689237
994835
273273
976970
295202
530103
778653
215469
448510
309041
163506
293866
335621
354862
696706
958677
658055
362386
874069
304016
 15566
368385
934967
634603
155999
422197
946458
  2490
659484
399985
170750
348721
394820
444023
325691
206374
974127
620697
421843
422637
929738
101702
232855
265359
456564
929561
740388
630971
808300
614458
934987
340218
499195
386306
974821
655194
324856
921280
174036
984340
837617
344786
333062
748789
305162
658753
955164
279289
795802
893359
218278
725540
995061
967485
507251
451625
897046
247640
598948
705346
378450
533935
561917
877645
920242
536738
 49192
245098
974370
223228
745790
811987
 84367
 78852
 77129
389529
253958
 32293
185170
 49760
925652
919800
775301
437066
887285
282552
405043
300683
 46544
  3992
522382
424994
 54279
 84299
818992
490873
621037
868184
735971
111760
 91412
998114
440099
175779
 76966
517228
 81660
330924
 65873
266830
380685
991526
702982
155986
944944
590267
954890
349987
890951
  1435
353979
413333
942781
408259
497632
761773
899132
635021
629957
151456
263133
721370
149570
219585
413501
742888
736813
495162
 73813
319039
278344
454498
310565
981327
126836
771861
 87946
 81726
121848
978897
599513
992180
392230
542295
916791
406214
304068
815923
557588
934026
483731
820721
171748
149653
 40306
101601
892542
293472
113115
482707
612511
907812
937205
439428
889139
580393
211289
977085
178471
333137
472335
294337
841669
380917
836632
758460
303484
657052
 90736
861072
107430
574467
681793
795530
240473
238452
897132
649367
 48276
 10247
132074
660787
434411
585631
616567
323550
682376
827856
816988
860847
677345
805675
155184
519015
186592
508168
277475
490076
681573
368211
867500
789003
459031
 65646
100886
215856
304098
998018
381575
352374
524617
 30001
529513
959029
131984
146080
798931
814360
490288
132271
191559
167633
454298
863096
203000
640891
887616
996828
647319
569189
881391
514820
874545
856774
 96818
975431
 72630
400916
489801
970557
269642
 14418
   558
315507
489799
132542
461587
805083
946902
951875
453706
138462
635860
908005
517910
838861
548896
405526
352041
712567
974716
233432
743739
365613
 90207
840557
341044
679189
757825
830845
649747
 27467
361615
650305
859326
367767
782848
320913
172850
246102
789140
626556
900916
425001
534561
418826
780214
599809
340705
132255
828729
831773
365687
572468
197386
455894
929378
538430
651436
687203
885627
301183
231023
763594
467840
 90349
131361
767040
927615
820563
 13143
716755
447120
430411
141756
498033
365590
921970
 97843
706295
 54225
926572
538068
419913
 15392
735454
392159
944770
790236
559947
148326
192215
861130
379349
955809
845323
986050
 87171
612363
913665
907734
141858
630421
871206
572270
772177
369240
937860
210500
983435
160507
264725
426359
698575
200990
958103
950381
109502
902874
740617
669449
 51200
932832
 46932
946901
404993
408607
932951
492164
 20970
846617
916251
679181
993390
303809
251451
281919
189401
705663
492419
689188
866170
273497
115547
 81097
990839
 73651
 31478
616693
492877
288447
286143
 60429
221279
849427
  7330
142624
258034
456633
151141
795356
819602
 67392
474537
812992
887553
242340
611264
 76955
464355
103683
766143
846877
893532
398043
927974
400724
471694
475804
 17417
480923
764251
819912
541352
501882
669339
 65034
644507
443725
 38019
795648
755434
857622
379392
229971
186966
783297
988664
798230
860252
453019
418266
142748
299897
311798
540791
744223
228874
528837
736380
246292
526112
500631
 66204
 67464
518866
251896
648850
679725
211973
686869
991725
967407
544491
371117
713731
247810
670766
702395
 46040
531019
671766
464306
190119
488015
292457
730910
232239
 37683
776099
484971
283975
302211
985602
866532
886027
 20820
634780
534877
700545
363105
738098
208622
330513
798942
 96091
560596
 46752
766858
262991
609144
814229
934757
589803
  4348
422773
882260
251610
171364
919943
 27709
656335
720271
846272
158289
586803
248651
695462
737935
299880
912359
101040
 37978
120982
947905
836920
217073
508501
400024
983931
287844
  9169
798160
738954
598972
318860
161727
997584
570470
849443
433879
114531
 22130
154150
960803
696771
257305
725806
392233
511592
 25686
304593
612633
 63665
425575
 76890
416937
159000
585392
333314
659284
873236
342483
973796
612190
457807
292657
290269
455391
863127
656064
405622
977659
678194
 76125
454814
374966
333430
180621
767199
361375
722659
588144
974008
302676
530071
 50898
719614
689072
152642
569280
864708
542231
428115
838504
670773
885922
131161
961043
857665
994289
133459
263287
488300
811654
855764
459466
702972
189195
156439
986523
550570
879099
574668
 40930
181775
621091
608180
417741
826515
277175
503373
691223
819406
931488
529728
490179
333762
660889
967574
191427
171530
101034
971067
176182
429040
826831
152001
132012
532378
824792
118535
599300
703891
209555
156582
402019
830647
764763
336112
657162
558290
839486
348386
377696
287326
878114
384227
621089
 55355
868154
812516
743238
969188
299935
435772
914580
643119
587773
 46592
175497
412566
165127
291150
632809
891035
447732
551180
721682
728847
403645
378844
287137
759483
243582
181185
 46809
121696
565413
667898
693404
433567
996767
952994
919107
813054
388766
833687
456173
492892
396631
148023
421810
 78110
439173
 54619
969145
886905
122152
690827
615753
525797
586024
419242
285280
829606
600428
332089
467655
165841
516340
161059
115760
513107
630405
551219
326161
 19171
901258
298687
 28415
297889
446710
450225
375999
885883
504845
345145
289140
143349
 35972
421245
669146
621996
840488
954426
967955
440916
802867
435610
123109
319207
113021
238869
348666
743426
306440
191180
278949
207698
489867
307365
505587
936577
757590
881586
338812
262435
226731
627952
405784
779056
 49198
591282
917404
406038
 62060
885359
846954
864928
320969
970063
700487
950342
725284
 49154
693768
 31724
756686
972718
755774
246553
280083
261361
699482
 37673
659299
554646
816461
402383
698950
738597
181439
264500
329880
615195
670538
391940
 16907
517492
773220
337876
  3907
990060
804571
729191
555566
498339
277267
312252
471057
 33041
 75157
267492
810754
774639
305166
470054
845637
637979
872437
544587
376576
570228
809088
222808
185423
479626
131101
202330
513471
420673
 56559
517378
410733
861130
762922
966299
875821
556541
278551
863231
589583
870060
130723
916689
161051
952241
386743
  6688
590220
775532
551276
483149
862112
876716
705957
563888
872694
353410
282570
902517
774084
339129
419896
184817
716611
699170
667469
108785
255711
946020
972016
361646
816081
102739
278336
977132
 54981
181431
500173
161553
473316
567801
644702
335428
444517
867012
899316
833563
220422
181887
736081
510858
 37368
672329
695676
270332
371499
363145
379117
143562
825517
351133
505209
157950
453872
299897
651435
 25205
481328
151608
186759
954644
719409
831461
806425
680278
698473
705741
 30193
435248
403980
766274
946106
441349
954955
158134
228033
842806
 37631
607150
986369
379501
958283
491578
537451
928507
791475
705238
953713
789155
373198
656824
260152
608959
  4637
 66577
289237
703111
288670
835783
654711
692651
602057
600817
650352
 73365
275304
878385
916171
312935
  1887
902540
692436
960170
910470
746240
405029
218297
451478
875094
  7453
824677
531918
783957
433636
536556
366886
239226
756019
655556
 75009
927082
864559
193418
 44251
 31263
266783
319555
426000
182955
148843
427887
601847
841279
904409
512318
103871
309439
730615
555350
700885
254420
896379
749156
 38377
846367
802064
405263
601945
 74435
577172
676954
  1517
958083
386725
 45768
989347
169860
365324
931699
352815
 30519
359587
954663
871798
263996
983333
975670
 89787
713948
 47372
307025
968369
460103
 56181
523098
822822
858245
444714
424768
932680
 21886
618074
934197
496321
  4799
496317
  2020
174660
377993
933720
 43827
408512
809659
514842
796663
 73655
498175
288685
679795
212124
336057
986820
696845
312512
 43001
219943
135334
417598
181009
560102
866630
202895
694529
800827
215569
215680
813496
217589
390340
191490
667661
950520
600002
477320
465362
396665
 67328
479890
685350
263475
692014
537759
250295
905211
366623
809648
641506
501958
743598
822516
578412
610228
541763
272941
411055
757332
488622
740903
491274
395314
932393
158935
862186
532396
636256
327549
445413
219936
807439
647116
483411
 15805
184875
733706
921016
551499
 59706
 78874
569809
803304
901390
664573
413532
443154
453867
340939
200486
458841
598194
208112
854155
530588
367048
716342
579336
  3304
560243
 24749
739592
884034
188217
223003
899839
889445
473061
337207
957296
532767
416081
527105
852423
833824
191678
782307
276978
645545
639598
993816
620738
237792
201929
474894
768380
 85329
707588
347716
604985
784183
888818
344577
668217
593387
567580
 84408
482832
 40641
421615
440128
 89760
354048
967233
942183
704224
675264
240842
497554
837161
880440
  7723
457900
118232
726004
449146
402965
811333
673086
267033
416318
457269
672203
277247
125486
265591
844827
209894
748423
401820
147861
188552
491580
 18261
672137
950115
722486
863753
190957
220040
217267
 71397
227763
675167
189629
953767
640665
108946
281452
313751
375980
214122
771020
 48183
491369
896506
313774
336196
106400
578550
738016
770613
283454
745948
788874
955591
696063
511360
819345
887020
247753
 36612
474769
991868
228131
180751
461988
868796
289697
743440
698899
665677
957563
469919
230213
448932
882777
543987
301481
505529
638889
 39497
276142
922343
301798
 65016
877935
997861
 92729
213632
401234
340482
766596
876003
332350
511079
 56754
794338
896227
346452
 54131
595126
528481
 11694
581397
758694
976978
464174
302682
278459
969703
457923
834309
245845
380267
136107
310861
258202
650320
919942
988186
 51554
260424
271134
927558
592775
782213
984312
903465
194792
847116
957596
789918
375598
485642
371315
134292
462621
351841
953326
741080
321544
411250
575389
567389
791517
227848
394602
566071
878169
314545
 70609
929723
 91321
341743
373633
200448
123956
874298
103914
318748
721414
577862
625018
 97012
 63505
512685
747657
526126
864526
700983
783558
186070
628585
358948
269811
936454
586796
180765
502525
981317
 11662
573134
911041
619336
914877
284674
819784
555185
158972
440050
390285
396739
 17913
531655
493751
 81418
 44340
757760
123896
425218
975096
907454
127640
603681
782754
913803
540136
885903
 94569
559013
867220
622583
132148
778261
241919
563377
579288
578056
634915
254612
 18106
541552
651351
 36019
 73208
661455
633789
633900
419215
757685
 59119
394311
181492
186759
514345
964246
100563
 54481
850149
711484
613494
717370
850419
261994
 11983
 92339
341724
107623
186747
976639
362236
204853
518191
529939
240873
107751
191394
391014
741652
126962
148700
800771
521273
846544
987530
551970
810790
604445
606451
177292
315929
736298
411014
166349
514644
939349
775040
856368
 46973
961787
349359
925561
682992
383903
455500
923865
491654
646895
314880
233306
773857
979932
550429
811482
826476
 54312
879805
153618
658757
  2608
330910
491039
738906
741924
173740
769903
681274
948780
142623
244599
426919
491983
170160
109911
875886
625660
550129
883892
788907
381361
633551
 79116
877645
183980
406951
220473
238292
286756
374091
897050
289364
221354
388089
544623
963278
 78181
314526
160904
543313
457149
405503
970232
465484
 92015
596495
341370
717676
662976
741615
 22935
560689
375166
102052
954686
559146
509003
175159
797439
312111
 65603
210841
601475
286957
115282
146098
766587
193463
976976
443844
736776
434126
849347
223360
899610
457715
336207
757333
175391
515536
498948
714678
 76225
874114
816730
 30912
949612
842085
722423
263403
670548
788026
474244
272024
 74983
105878
934474
357923
299341
911451
801767
552469
861929
167466
292181
277891
625181
628389
551576
316924
660277
566876
 31603
252854
957342
364685
800118
906955
723123
522542
170358
393671
826920
160955
665695
418256
266833
116522
776179
 82527
544325
577946
151348
922606
261764
443530
200497
886946
588271
268426
720222
764900
835302
751825
 17754
308997
116511
817873
732304
839634
340415
419014
233305
167335
579969
415353
585591
363155
531875
878122
962034
592552
972420
113382
515158
234185
 73264
232007
637483
177887
500433
357705
942787
852088
109531
960542
161085
742394
294767
409741
 98380
635182
828755
848037
318869
408725
263390
420813
288232
311617
815287
250266
904169
787708
880000
419327
 21893
469617
651335
175728
647504
668120
533433
106644
 36560
642964
583538
197645
901710
878305
607386
    90
513487
436142
848128
348708
361219
627870
285873
649451
939488
101161
416069
360009
888869
296069
295689
427114
282038
463376
602842
929543
131496
652627
552539
168057
811944
136077
882054
713654
 14382
  5793
230097
 44221
958287
 78225
392929
835858
222447
195155
  1661
678287
296316
417730
 38297
701537
230151
850338
645003
512190
313714
247845
958085
961562
900472
510624
645971
712416
646701
 44378
942423
177435
 50171
172520
221656
524810
767097
130937
877020
505896
326092
878681
184184
622408
812763
738833
840297
 42914
589171
485300
555104
419237
249497
 29541
380799
149970
540165
 26771
378738
703218
 71149
837513
880653
637672
526385
102309
678834
293482
233247
555854
799379
 75691
950887
499915
214452
763650
238748
 54749
806564
344271
540050
878021
763508
789547
423914
660659
455869
964080
687430
350960
183650
274931
188473
 64304
428955
231211
682965
624141
524693
916212
696347
840424
508256
647234
340339
722708
410884
 95439
777457
733801
439710
833859
128174
719570
139759
552088
380230
595628
 32520
584012
462940
216171
375296
167766
280475
804251
398977
963440
944745
440022
396005
641092
280447
904261
288327
137138
143321
215563
748930
437130
465716
704992
270990
593890
424563
410749
662331
804793
522729
694851
388805
985670
427374
764101
669788
707849
 84705
 68765
187642
 29450
508787
 99999
186894
305586
520612
991573
959077
663933
207137
224359
101063
189205
929351
372053
783096
353914
299154
961779
675059
821884
656630
580217
323906
600357
860670
993694
308206
461727
578811
 12200
491177
603950
112199
194424
909537
632811
185997
384966
813096
909486
609325
914160
 98692
538676
802565
398140
408943
101720
359919
 84002
439956
532901
180571
280214
133258
 41242
790260
957817
502969
369071
970017
510499
973021
598569
221275
398910
747732
407272
783876
560829
316759
393201
474989
931803
448230
793906
329943
857173
411978
689862
457527
368286
739115
638099
648500
872374
195693
955112
830191
215014
840535
316560
241865
329909
431481
463140
728819
179214
386765
 29048
740043
219876
938601
731384
151679
386831
525290
481622
244004
453621
171484
217884
821907
426951
372335
470408
299325
 84380
941872
645868
299394
782408
478781
 57612
112317
910262
 37104
357488
605828
423869
386536
862223
643745
325138
593607
795424
711969
635250
793398
472326
 88871
481234
690210
427130
908186
578897
897538
207511
663277
355763
369732
479023
138171
848513
536635
250488
275127
573740
607976
880956
513961
510865
743179
157707
836003
336787
469483
 64324
488389
262882
536650
 93612
744116
743212
520742
652302
322109
934633
376166
501738
290396
745898
980762
944919
110763
517397
195407
385890
607489
319735
266846
121451
830600
 10026
795510
182955
863165
264993
247280
867906
 44227
300282
477870
304696
 43495
514964
473350
881956
449597
849516
383695
256345
111766
880809
201264
738881
398206
913023
124772
522048
232759
907970
643499
579711
434348
439009
762667
813865
220354
526299
681771
780934
826581
675993
 85630
386428
190958
 75332
784737
640555
441201
684784
413253
552967
565593
614517
808201
480151
527541
449325
  2199
276652
357295
162050
372715
307996
117411
651734
121861
854118
178033
319985
635052
520967
995978
237034
907395
186936
312366
208484
343844
753567
893268
757097
822887
975213
887966
631088
455365
931859
 80413
973916
208511
954060
135967
581227
262056
253378
232961
383918
107496
927347
703903
258900
448314
216233
495934
872061
919522
324653
596898
263366
 78220
490166
536815
417459
981732
424781
 48547
953449
356641
645312
927365
 81504
599373
579684
179083
377781
349415
412045
761699
973263
855744
981954
232164
304058
198188
244450
692471
117710
569103
289369
897428
163676
295888
434243
581135
277620
375376
146035
747421
248369
791347
191138
846226
907072
287175
 25309
284854
636590
953706
562905
609853
809450
544860
358369
629860
259400
119172
322332
893462
688275
128053
790890
368303
423941
741485
949439
217913
633213
611826
965334
397935
403173
672825
244161
826598
960000
269470
627804
596590
223177
190709
722795
548979
251921
597517
178840
511321
716689
 17524
404783
921316
145577
712025
289620
 85871
969862
755411
303784
119428
367237
785471
517363
286762
458296
761524
629712
934648
547346
257516
531238
770523
448226
770385
835855
700147
884254
 14695
727821
600943
548571
648956
 38612
694148
877334
328232
296371
847196
599995
600156
482976
483584
901979
   339
286698
876627
278215
916411
811275
825562
690279
858865
112437
138505
145602
948292
355005
 29857
479339
599178
630800
 27910
248134
669412
238411
125468
513996
534782
489017
630343
651290
971993
630279
553269
972333
916978
429896
250548
349741
757523
592462
 40020
616388
704900
694878
761991
169544
 49883
308200
648884
165413
939000
193146
413547
124765
431557
 55368
155113
482692
544385
301809
133982
516378
932088
203604
  5063
849066
149852
771964
198807
907376
364426
238828
 40116
585678
450058
318459
755223
 16293
626659
920459
181706
 82012
113605
595253
723129
 61515
166973
394594
544207
711358
696403
194541
744089
144844
914497
749152
993910
 64350
 37468
709070
488078
401895
464250
 44546
503925
914308
363006
775500
930601
506017
695959
112307
104381
325917
223912
827510
387432
390886
738457
447991
618596
434860
158884
362685
579704
 73382
628190
 89967
654084
665658
315389
142162
583905
779639
186708
 87831
210299
 66066
863331
140900
 88436
559291
769559
192817
401560
509823
536680
788992
417061
275137
753335
 35658
226349
912219
914695
322406
501953
542885
928725
156037
208544
244114
814551
792449
 23753
517612
880280
234052
100030
259964
891304
188466
335607
177215
381284
737167
203390
434316
 42511
620452
709453
795846
172462
452154
224417
 87157
774560
242723
630043
703285
915112
354939
463751
729664
147388
487504
763628
544021
237908
863658
320337
645564
 52125
655944
822779
949761
909463
 26170
384077
951974
162974
609882
264172
335436
578388
  4941
938945
352949
764016
 85340
572586
679129
440279
552690
925145
104020
556546
688773
164393
794455
 68783
484730
956371
120908
657026
295503
587021
566489
838025
487450
 34815
   999
 97332
815339
852787
192073
820280
791732
545022
100649
393425
633960
779778
833704
186650
704923
454076
743197
910048
618469
 54004
978831
619551
526727
616092
276577
822230
203113
359418
176607
206916
910585
693958
820600
725924
546745
 12673
 62557
854830
 74047
163206
248255
708008
942984
598311
411010
164259
568740
670559
590659
187209
240915
569490
323113
283995
701934
599690
106225
421400
475461
799185
628316
386046
493143
448916
111971
 39889
461590
690880
411071
535637
854086
175678
759997
313422
290341
687360
477681
859081
874271
584692
562643
631539
154182
885756
915534
372469
  1798
538111
793869
477259
337296
422185
379658
830440
387453
  7981
386681
365395
698861
314104
417385
552947
489782
177382
382721
296475
381094
376754
155557
771718
961446
718200
403257
115628
603956
835143
  4449
605754
373254
798318
599366
226903
736855
495376
 57343
124309
503357
960376
489704
202218
790832
907089
271517
280614
600824
170590
577089
498270
547344
248998
269988
508790
967198
189597
140770
 87506
 24740
145220
209613
397995
943538
325331
624898
196746
820707
198593
321055
324064
675321
327111
 42634
466153
234201
830503
263119
351377
  1093
356560
849647
548437
605559
119636
573579
 89109
309233
714349
692968
850326
375921
902581
248321
835812
227912
389571
 32558
564971
104516
353613
889035
296189
680724
448021
762342
431277
794876
541813
782654
795969
898373
148654
860758
 20284
784642
434337
109394
 93875
665038
802362
460553
 40960
221295
708874
876772
965559
614797
909330
530530
235665
779295
935917
531854
460019
383938
810548
407649
178814
352361
706655
491135
250735
855309
868245
787371
639951
302582
413117
250179
483972
731831
710732
524932
953126
935959
918056
918685
 67108
343738
965567
302774
123033
901484
834628
 99405
801774
645177
507054
496940
513890
213709
504427
764625
 69019
372672
 68349
225322
191606
481466
475501
675579
213298
702586
716863
682776
638545
634920
117814
705653
978658
 83381
524779
101692
501218
359408
201097
302992
520937
224503
316285
 34827
438212
820712
315805
 23583
193385
384154
765258
384991
381972
757111
 60570
111622
459697
293786
794399
614594
928706
912213
836600
423716
511946
361379
525408
 13164
237139
242857
832509
758076
467360
148794
309256
421925
969506
141413
961860
679243
 41919
727118
580587
423891
484230
157509
 51866
943927
451295
846265
 74874
380001
274830
911474
803718
786776
272853
845478
799941
 26345
604688
632450
300773
 72048
781244
610029
493973
267102
267794
972186
462698
309713
699304
 43285
249957
183534
717146
301823
643814
168442
664440
235040
 64795
939270
146514
384865
726046
935719
746696
525987
962064
351384
674789
262838
423432
972385
389219
433758
755840
173366
405944
218538
483079
621600
778175
249388
321487
495321
 67563
965301
180115
732003
716693
244911
671273
863207
146128
397320
315278
892824
439659
277343
244208
114449
 56533
183993
 86834
962104
617751
842674
135470
540047
577564
134902
677999
355739
900642
999486
367413
968206
481139
547528
700209
197832
308791
371483
 61039
454920
285155
376318
347744
241166
170013
591953
355615
742898
292298
958802
221354
426401
317828
873177
482800
411745
524431
160799
283836
425073
160286
651249
909631
641425
198778
609841
839258
507569
497676
416649
478841
299183
309319
826586
540349
479332
934891
412317
738582
227189
371119
476289
169942
205299
349466
652742
133396
873897
813541
417233
815322
973827
 68482
724954
615253
783612
851147
970863
291182
348823
387512
770023
648006
696832
112961
704707
692516
564204
117024
947451
307745
  4495
423740
477687
726147
289558
130429
859543
679807
943971
276776
495129
917798
345259
736435
 49403
128871
587582
536618
936405
452757
924131
222781
617115
137315
852094
321823
346183
416299
438847
809986
724044
443343
750078
201732
169490
 39636
332161
 29033
719443
792484
822162
730925
226635
167421
983712
792390
812644
 87647
329009
749050
540404
769492
488183
673872
423159
340277
995695
769342
272928
950894
 95681
996973
910589
845759
715057
 80079
885396
563570
625465
121191
356055
963979
368468
582690
131400
868533
375080
460396
956180
220441
725798
 12936
989933
213981
686808
413092
 70611
682503
698787
343539
149750
794468
856864
 60339
156579
571921
656771
558327
135492
798588
195871
  7899
762567
564339
106941
893967
432872
998373
354363
905404
218815
596514
918341
208748
810495
605149
138193
881106
804005
353332
740998
953755
664152
597862
530446
820731
169784
187217
379059
821628
985805
574930
829527
748372
655621
452820
158691
604846
451193
 29407
 26602
670008
625921
944943
395109
436416
 66445
 49654
833875
386802
402986
 91225
856909
 67138
689087
387355
404221
375223
574573
299632
196851
560378
390914
542730
825103
 46536
511902
983794
167734
963096
 13201
194336
149456
639122
655632
 60917
591891
722077
110571
942118
108879
 29909
 33343
482140
613399
722430
869495
 17621
614006
960420
317253
810857
 37151
708168
869940
862254
271056
381842
846048
438790
861290
375602
149478
 10747
 14724
805110
588016
122967
 43539
214940
 65085
668770
244849
614780
150910
858249
853563
536758
392222
467569
497178
225827
794778
534329
933995
664718
396583
721403
562913
758984
676545
424203
134586
826024
951302
665662
147486
539319
788630
707378
270611
370067
376148
515460
984848
 43411
890061
838411
580169
798635
305980
 77347
 24463
617110
128029
474810
798181
524612
196214
361094
799948
872759
301649
934534
215135
769304
600197
878974
824975
905179
586352
 95586
275246
478852
127398
260094
522263
533812
614857
618784
332447
437189
212484
356910
 54300
340513
348073
852481
381477
544287
213575
181426
933398
 31576
115960
664886
317232
232509
543860
142207
137688
130212
237793
929287
125416
881544
705733
647680
415356
320591
266464
747803
757780
478948
621066
812080
335813
969139
180913
717291
 29778
394488
898717
963176
942417
531029
144414
259649
279891
688274
918209
417579
334838
672354
863218
460255
553898
568952
107935
969254
889543
890751
233410
647323
886052
854476
975756
738217
339967
156669
455508
886097
 67510
870577
365625
526279
917959
510040
302280
197850
198314
220489
131781
533153
892844
995000
509760
446742
563952
617695
932349
969847
 24798
165759
133522
427202
536587
625630
165420
392906
782300
137280
279003
366162
  7858
644628
892441
442169
154668
194721
640019
352983
415211
288152
402488
824407
799504
912248
271149
363456
 46295
203498
849655
587445
885609
983178
 14648
422196
608808
696420
815102
907460
833700
 94105
273622
357910
255086
682415
800079
409754
393489
956450
279089
325052
244603
197929
149459
 44107
626529
936960
923916
189176
656811
773571
776622
542420
273101
307622
964617
398262
  4042
296071
305722
837742
906529
 95697
712005
161615
294464
512084
 87721
204305
984887
883163
529357
229490
597444
195168
789949
223974
132129
230217
413150
305292
520141
189772
847712
793242
497394
328681
191504
 17788
624753
 13579
371883
 47634
109276
 83888
209249
920092
112324
813322
124398
 97211
212837
170107
843053
810282
365276
149355
 34256
 13757
379572
963758
319049
899713
669883
683113
209308
683629
 11795
917164
701418
636548
930743
 73301
684182
556371
673541
409783
992816
785865
739457
117214
399429
952295
287321
758834
762577
168949
908189
313185
699058
287762
276943
534459
703827
946826
217573
429487
630456
229368
346652
848226
382268
793747
437879
582802
350119
111420
508937
342935
413637
248394
976501
329418
200689
780174
 88253
479618
949124
996442
792803
164534
800556
586099
698994
 20736
 49277
916567
450223
196085
662287
796875
 44311
560907
590623
998542
143709
457094
109962
652646
316381
 39952
901040
292882
369370
618082
 73056
973975
614052
538532
486770
406856
703067
287326
509307
402061
824414
 74936
834980
274638
271022
497267
587865
831685
 58174
694840
830228
718235
151934
456542
370881
468315
496494
788273
277549
382217
406355
350606
356192
 20408
889138
842962
943616
108557
646641
969275
510618
471055
 44211
345598
262045
831585
359217
366263
663271
933743
 61103
  9851
651978
729390
466393
 22859
714057
479240
811133
991607
861457
733840
858565
734001
270600
264055
576964
730568
372613
739957
216195
883231
727364
260407
745182
989410
608344
104399
872025
271615
 38143
933128
797818
206473
662518
264212
229333
892928
743452
556818
400887
121261
807010
259452
855262
593963
 39859
948578
324531
412472
688535
 57079
812056
415900
317486
 73590
921662
925830
694341
793687
713798
248836
243167
511616
455310
422038
292180
684643
314966
551984
757813
715853
673245
 81175
491657
528508
675138
531516
477086
516022
460341
681974
573101
272397
614226
406939
862339
535888
849121
556680
329575
562919
805517
 89094
590888
777179
511132
883068
461822
826098
435053
735987
541951
624650
817162
 33608
669510
  8653
 81477
662949
524675
541818
344923
 97776
330567
959149
 21067
192906
495037
870188
265938
340964
949460
587807
946410
540348
364986
457543
939768
343160
283641
891173
 79147
341945
515824
412662
891905
701686
421315
973382
364635
945990
515200
709558
560118
362119
185059
581185
555025
196448
451373
820964
 53764
917185
925123
   175
457533
290110
457718
913654
633270
257711
804827
712418
599656
837003
125080
491562
 55042
 62747
981296
419677
  8737
496497
645588
 85207
858616
830647
666392
929994
 27096
634117
267310
597212
551303
192433
597387
525188
482543
 55105
955194
115814
829169
276374
344584
428825
629729
986016
436739
684771
 48763
418036
104449
573852
430885
750037
659059
805853
 97036
841803
252199
124132
475920
519509
721345
543575
228295
835084
585116
227190
406542
540310
859356
235711
816684
203940
180888
446414
706308
617628
131185
755071
552016
751986
328923
982901
 18375
504334
305106
115412
346137
557306
755896
338410
593167
993593
398337
821462
828678
983453
565005
235220
 40116
424361
987283
856800
144654
168171
819566
850962
785799
950752
122386
337815
219090
967661
837068
237466
471996
658527
352878
334485
215833
108774
672895
325352
102368
 71233
663167
447398
571038
228172
198970
611154
168885
186253
467955
313539
354424
803873
680854
656576
754625
803240
510743
490068
287253
347812
727534
275601
522691
 80412
610087
254876
705538
282982
580228
324258
870567
759747
771656
957958
987919
486978
569112
673157
673231
553419
986696
544008
357293
667550
200584
628270
987142
711327
118338
274396
575491
845872
549997
 98182
442636
676436
353058
664527
475771
449639
988785
346338
209386
276794
820648
713658
763772
389761
903167
437004
459532
889863
497364
816825
 73766
697948
961448
577260
925627
596138
368008
501119
958363
918006
115653
400999
110794
985064
581878
586565
951055
570664
449256
676793
847458
269904
390451
127582
659665
809970
 80938
635550
699834
578302
452375
289952
276250
930175
383564
201878
526314
751573
219349
484677
185931
335002
402028
296725
836418
983907
883291
787473
 70923
332547
464267
434733
602451
371070
 78667
778469
181041
159606
414019
397227
737908
382746
203531
530511
829274
587095
248741
355588
338668
984442
356617
524599
319444
274997
821325
155863
775256
704616
459688
362531
553515
923955
797264
155966
295026
875932
450787
476067
551890
381158
873294
289798
763905
 76825
336661
593179
180272
101754
465119
518941
 86196
821736
 43540
405641
613085
381217
 77856
388342
 85833
537544
750873
155700
977852
 64490
828019
272878
456774
278806
265297
  8664
659965
654943
298462
940222
248120
151476
533401
428392
253230
998520
947333
339427
336608
507226
261420
466045
888443
855628
854387
974277
909524
121613
646329
887376
186103
474348
160254
159229
753155
425551
167893
929472
 80494
982707
869694
844966
134183
919447
273359
903766
434319
220692
243193
770927
727918
 20965
236972
616362
876593
607712
106991
786117
245677
753320
673494
948132
227669
350100
107361
497176
292004
275254
943000
372498
257961
812694
733817
908497
732141
  7176
812263
166460
227868
571808
453739
472139
592773
207063
604853
469366
331127
228196
771835
576804
981516
445329
 41288
725537
795430
148649
739065
603786
940255
682065
492636
198217
 11111
226453
623066
743252
233629
435329
426064
977850
  7137
396155
449989
599910
603219
571194
585628
450698
799390
357463
543855
297258
319145
585143
 22796
630927
733793
278213
234713
190400
476631
727349
388617
487742
953803
528035
747347
187432
963364
173411
165282
970501
 85919
131623
 86763
689138
219169
672391
656188
 18559
546207
200043
315818
865352
785187
854966
496279
 35332
133179
730992
225732
126162
458341
130702
613905
412144
658737
361252
115929
622102
 51015
797563
108955
136934
929187
712071
342424
148356
900814
998613
683268
447021
198656
999086
828725
983843
370404
325004
 19175
 19935
572348
761260
146098
 30690
891962
760003
959186
550699
637607
591467
689153
204974
389031
314461
858261
834570
 26532
200685
499278
927346
715650
182546
890720
914307
697984
719445
414502
 68388
560802
950030
 88324
133150
711290
234422
680192
119604
510777
639379
670303
664736
230846
875809
869710
136229
190270
727971
970799
733154
445009
470078
660500
160659
168976
 67572
 74966
866961
787018
  5821
451701
347820
955851
540025
480970
183493
290799
161163
303097
317928
316894
489752
982664
 64092
881913
368727
716674
 72183
 96698
687473
805337
 58059
673903
982190
218719
842880
 49762
810037
226193
353132
815858
677894
700952
288061
217920
698275
987906
 25071
375790
807355
343000
209036
813460
842016
789480
695373
210743
506154
283909
823794
193628
 89246
881853
383883
587788
616924
226763
153903
426962
969308
507035
759172
647203
724340
563586
381475
938967
551492
406546
314757
875200
265898
 40145
688660
107915
829625
900385
835010
852132
184294
658804
 45760
789893
 57010
945995
377681
673934
172759
531584
100896
658419
554972
860069
305622
279312
940007
687097
218279
491499
609996
 49388
883051
875894
 89533
571711
500161
435510
472097
335172
287642
172743
510328
849754
962636
567338
795750
856670
757625
484861
388254
858521
143280
459578
234942
448903
738890
174949
652352
473521
182801
262348
522909
 65852
654595
128794
153916
671108
564305
142365
  6280
368299
315108
 32961
218054
277745
600299
530156
134415
357924
 15017
 39021
732798
158297
498600
484092
123552
753842
175394
292257
227364
358195
554605
750273
940399
725552
879068
 94315
396661
959725
753032
919293
328024
 68141
952254
 62430
345886
 68906
592586
996653
943182
123955
552026
192332
798605
566978
676425
922157
320821
851819
730766
548185
726366
801724
814810
183117
527276
210230
793785
440289
686307
546817
359583
530684
614958
828189
109466
477196
897095
702053
990201
840278
342360
542228
548962
140965
625558
225387
579475
946379
593558
310241
 10916
836276
111965
342079
 19394
639242
 68661
329531
595883
754969
876348
955466
802005
  7659
783656
911471
  1207
197103
129876
991409
553733
472237
 49989
102696
613202
675547
328083
192677
138279
437994
502919
665547
274270
131236
  7626
810016
770478
 76288
139547
882714
347609
532248
838180
149614
539907
138188
577437
 57466
335292
707314
 48875
889025
179551
615216
508073
792753
290764
352509
501783
945395
790503
521054
610942
581125
652290
618569
907494
939121
211209
563393
821835
 75170
 95641
660015
741136
151900
314556
318573
209367
649848
 25887
774594
 55225
205438
389811
563299
514544
680575
915808
 16327
142322
222663
537381
753264
803788
706023
371833
227634
645144
 99394
791028
466979
174564
886669
643347
915700
554922
957903
234274
764289
124103
776513
538883
695680
981952
445046
258979
496496
641973
691139
 29175
784295
913802
 82908
537560
233943
788931
425745
461577
434076
525140
252605
417407
216056
655627
577106
131757
210549
535009
882383
491190
175464
658896
546425
871145
157200
991472
646476
170048
633445
853968
199223
417741
284122
798483
471653
518065
587415
897398
495995
537843
422538
264952
955250
638595
920579
532357
286704
647480
583718
685439
655022
275535
860687
201448
663032
 17888
709272
309508
187936
342717
163476
903512
276810
447599
701995
748463
482016
289410
645862
494363
343605
584752
759316
298856
739699
196247
347565
542755
360080
931283
228194
 15102
723170
 88882
216550
386202
623122
442174
212063
327410
784892
375539
747274
578054
339490
449270
842870
337859
255032
488732
832222
598638
589836
591538
413846
329536
304138
761411
872291
664218
209046
616838
679320
932217
222072
412223
834771
845194
854397
 46834
688956
155641
938726
436231
250048
278216
885501
 92918
132427
656885
 98002
964650
255523
687838
 72540
185721
533726
376678
463484
406018
 40896
672531
539208
236569
121100
761280
648792
955871
606474
503189
  2706
295430
175183
941432
248013
425231
736000
133514
518149
868428
306752
616151
349430
 78627
820341
421970
264349
354068
798649
727833
276438
355897
916716
815646
592466
 37816
576926
241258
510040
699752
260800
 29098
511534
952335
486882
759548
377566
739234
409414
412067
607662
716166
544570
473444
794794
364911
895415
 59143
235331
210416
303328
511769
 82665
220045
327415
675132
257861
420693
432742
284253
120445
209894
313351
148332
162229
800233
907880
 56147
539468
833646
468214
663482
549813
529136
653279
344607
410400
548694
920102
645731
275462
223430
157501
874479
443475
  1268
549611
217689
421962
498706
501942
 58759
708600
815294
207091
387182
131879
631323
443329
187699
464970
427896
367534
531135
957032
 20813
875742
367432
 85859
312196
 13164
877673
535626
687017
752152
495454
688285
301764
713143
626599
316822
731437
685359
 25422
 63083
408802
412604
194963
 40126
372286
899014
 21448
800182
266548
552583
273566
287361
944677
157351
889572
773225
686867
767245
825203
373884
519398
320657
578521
337514
550152
205121
654336
281590
406832
679758
344673
815634
608715
 55988
372112
497353
955003
909912
297535
221551
978847
 87453
 25265
439876
244804
914837
213101
931671
682083
 38305
305555
717833
358962
400429
 55347
909115
605550
709683
707057
528734
905793
 51730
344368
 30860
107719
232833
528213
579074
142745
342100
800625
121593
429554
342242
 77821
674358
773432
290923
606030
971867
329228
427937
689700
204542
828366
261399
630009
950268
971082
337066
479002
393227
905149
339723
424088
529220
 88908
468653
108294
231653
810754
425271
869598
240308
767514
947420
914666
 57298
754695
 37048
 29165
600275
981338
235217
804817
809704
496616
951179
276325
984050
804597
271679
377277
709746
611402
317717
755318
700310
786371
863612
448316
597125
805236
834266
353785
 89102
298038
784803
146400
569085
821852
175565
169360
803190
927134
974178
129246
423750
441709
921923
407800
246306
193603
301429
472405
321357
135499
227723
538020
438222
607688
986336
 35347
412924
336954
905484
502026
151345
690287
648426
720430
 28491
340343
889791
348033
267477
380321
477280
207579
822030
399203
131731
584688
109158
949512
 57093
430516
 85011
801169
968536
523233
408857
954872
 74932
821781
808178
980416
840159
475875
187056
  4937
196306
215547
345280
602449
563581
129109
499122
 40861
853040
837504
956416
984771
422192
 65575
450635
995638
496091
535647
796807
464627
 58880
722016
935851
650165
 60149
260381
630581
900308
736257
817637
905245
448915
549537
766877
567716
113118
412338
 66838
670331
781730
420694
143099
282853
842886
208674
733488
354876
221117
269135
151683
202096
844368
873699
654299
494533
933848
431033
641466
350508
683642
975456
255753
648909
524993
538982
216625
154463
467672
799815
824794
249402
220509
967893
532255
579747
692920
265744
934624
430389
534879
602659
148838
895599
992711
319489
906484
926559
750522
547951
793420
434164
 39759
565525
 83073
 81104
104508
816050
235567
572180
615865
576713
821583
352726
 60958
870190
932474
270230
135934
867098
216972
187166
986109
365810
 82765
978820
685299
505602
421732
952174
569905
215152
386338
609664
780677
985764
207120
401537
801814
959039
973718
934032
535752
311653
286758
596710
181843
219232
383293
317778
602682
600265
 21296
105144
966075
620413
 83964
167726
126015
505696
119900
695920
720848
 22591
821936
 17878
  8355
 29056
419415
810169
988095
909485
260553
 40199
221138
547312
636910
919334
282896
536555
753464
401931
136820
774760
507075
619247
395173
591039
786973
 37541
 96736
906874
733461
333936
929465
555398
351814
454172
100806
287582
780693
 88902
197067
 41247
129101
934558
104911
282363
853892
387807
818918
607356
789738
472090
898468
813165
 91337
809993
404205
878311
847534
 17293
301537
580996
867581
747354
652746
735748
201526
753552
 23330
498571
358806
736749
539818
  4260
671307
644729
286623
 41551
548889
621894
165259
854979
 93984
 63727
668145
185322
873721
588702
579985
721255
122347
397874
818603
989928
145228
471349
242028
863106
741254
781710
878029
100060
518460
417848
104320
706119
578929
907296
747671
127818
529190
912930
499150
139526
976658
167295
841200
366731
272349
937537
604338
394696
335411
422942
384624
996991
410643
143005
376449
151897
924715
254479
768310
959527
188679
388982
665647
283960
296278
413318
928131
341820
842600
427281
997699
335610
594576
838899
702341
866925
776437
306680
777973
628200
245974
678949
625192
172969
821954
517993
324867
746670
772472
609529
222549
477503
998511
888196
761464
811142
817866
689595
152962
660467
116876
150661
512429
227804
505913
731123
611081
282350
554155
389054
426902
800129
 68003
 52094
973098
406310
570088
814317
669332
858912
940198
891881
336416
938710
780078
 97880
266204
114296
787475
935518
291115
420703
602532
803545
164859
108445
534668
775940
907147
 88823
681346
334049
405304
749349
902496
894754
155659
988936
709072
824991
847848
649270
233225
700616
104332
 13303
798496
370536
643951
102323
822407
935067
 39378
424939
254964
204237
 49736
789632
980177
956883
394807
661523
807284
316463
927225
709780
211217
599236
215068
436641
940580
 62917
 85912
173805
763533
706596
703460
 78382
593485
347411
697057
415892
798830
736436
357183
 53794
940673
406919
359778
437203
363802
754585
615078
687438
 71048
542303
913571
282266
657892
128639
718907
598472
707908
321171
288629
987794
544120
992089
 66176
653957
855852
763233
 69849
654683
 16021
943384
708477
956695
350303
 68256
910250
230457
339193
525328
917895
926594
 67632
347818
725212
241876
476458
444119
840348
700718
281643
128977
688512
342115
637418
271040
996072
493270
550626
582273
147953
566647
525657
372783
 39694
875960
957391
949944
106417
812936
475273
540664
739530
 59257
888483
464742
301133
881293
425214
657833
582011
223209
786810
270524
565324
424228
 57916
 77748
433850
608542
660021
 98156
175190
185678
470939
214884
577990
944682
681181
200759
757618
156454
257775
 13501
732063
146258
478243
549548
543903
419809
207381
642267
643018
510543
429143
724694
451123
487059
802442
884973
 95602
462463
983129
270792
648141
970420
  2028
742483
915102
683209
943242
189073
356015
201018
202574
604430
863628
197169
153978
407532
616979
877711
566151
776349
388254
995294
501044
355729
482353
303486
757055
577955
765950
740184
365099
930443
226957
883480
189279
142059
566689
132521
847484
439057
849891
566410
 43487
713520
763580
197466
637404
896911
 75177
203555
673260
979784
715201
174304
851865
197554
994143
608920
291862
276445
865457
173313
206888
 92414
 56793
396167
750825
623483
 45041
598310
 62540
894932
681072
622379
124804
444652
819845
762208
857915
411375
482115
 47528
907511
197316
738184
275728
911223
732327
884649
203085
  8772
750106
892750
732013
842520
949544
644532
593345
 89379
689573
708007
668271
584506
389080
290650
709310
350084
626848
987871
724352
554575
986338
771880
462086
700007
510064
737814
611230
758744
138815
330667
283868
888921
223417
 15881
247793
689313
660414
357491
778692
349987
581850
446963
450845
487282
253966
676508
837367
880814
180731
 78071
